0 0.68702 0.309148 0.0645161 0.0166522 
0 0.794355 0.306769 0.154762 0.0153547 
0 0.525346 0.312716 0.0583717 0.0142734 
0 0.47235 0.313906 0.0483871 0.0153547 
0 0.604647 0.311419 0.0986943 0.0147059 
0 0.398425 0.317474 0.0948541 0.0155709 
0 0.316628 0.318015 0.0633641 0.0162197 
0 0.665707 0.272816 0.402842 0.0443339 
0 0.368088 0.279844 0.172427 0.0415225 
0 0.330453 0.238646 0.106375 0.0274654 
0 0.473502 0.454801 0.123656 0.0432526 
0 0.488287 0.233564 0.203149 0.0350346 
0 0.473694 0.531466 0.604071 0.0529844 
