0 0.467213 0.601942 0.0737705 0.0291262 
0 0.239754 0.247573 0.0614754 0.0679612 
0 0.80123 0.0752427 0.0778688 0.0242718 
0 0.836066 0.936893 0.155738 0.038835 
0 0.497951 0.417476 0.159836 0.038835 
0 0.665984 0.502427 0.17623 0.0242718 
0 0.915984 0.769417 0.0614754 0.0631068 
0 0.516393 0.5 0.106557 0.0291262 
0 0.360656 0.5 0.188525 0.0291262 
0 0.239754 0.104369 0.127049 0.0242718 
0 0.5 0.25 0.0655738 0.0631068 
0 0.0881148 0.25 0.0614754 0.0728155 
0 0.57582 0.628641 0.127049 0.0242718 
0 0.598361 0.0412621 0.0819672 0.0339806 
0 0.165984 0.25 0.0614754 0.0728155 
0 0.840164 0.252427 0.0655738 0.0776699 
0 0.452869 0.177184 0.0942623 0.0339806 
0 0.581967 0.771845 0.057377 0.0679612 
0 0.55123 0.177184 0.0942623 0.0339806 
0 0.758197 0.769417 0.057377 0.0631068 
0 0.165984 0.774272 0.0614754 0.0728155 
0 0.762295 0.252427 0.057377 0.0679612 
0 0.42418 0.25 0.0614754 0.0728155 
0 0.241803 0.774272 0.057377 0.0631068 
0 0.577869 0.245146 0.057377 0.0631068 
0 0.915984 0.252427 0.0614754 0.0679612 
0 0.502049 0.771845 0.0614754 0.0679612 
0 0.42418 0.771845 0.0614754 0.0679612 
0 0.786885 0.177184 0.0901639 0.0339806 
0 0.0881148 0.771845 0.0614754 0.0679612 
0 0.836066 0.769417 0.0655738 0.0728155 
0 0.264344 0.565534 0.0860656 0.0339806 
0 0.932377 0.563107 0.0860656 0.038835 
0 0.260246 0.0436893 0.0860656 0.038835 
0 0.452869 0.699029 0.0942623 0.038835 
0 0.165984 0.699029 0.135246 0.038835 
0 0.598361 0.565534 0.0819672 0.0339806 
0 0.934426 0.0412621 0.0819672 0.0339806 
0 0.165984 0.174757 0.159836 0.038835 
0 0.55123 0.699029 0.0942623 0.0291262 
0 0.887295 0.177184 0.0942623 0.0339806 
0 0.836066 0.699029 0.163934 0.038835 
0 0.508197 0.93932 0.147541 0.0436893 
0 0.315574 0.781553 0.0245902 0.126214 
0 0.5 0.417476 0.155738 0.038835 
0 0.502049 0.25 0.0614754 0.0631068 
0 0.57582 0.628641 0.127049 0.0242718 
0 0.239754 0.104369 0.127049 0.0242718 
0 0.80123 0.0752427 0.0778688 0.0242718 
0 0.0881148 0.25 0.0614754 0.0728155 
0 0.518443 0.5 0.110656 0.0291262 
0 0.840164 0.252427 0.0655738 0.0776699 
0 0.913934 0.769417 0.057377 0.0631068 
0 0.665984 0.5 0.17623 0.0291262 
0 0.168033 0.25 0.057377 0.0728155 
0 0.362705 0.5 0.184426 0.0291262 
0 0.596311 0.0412621 0.0778688 0.0339806 
0 0.452869 0.177184 0.0942623 0.0339806 
0 0.758197 0.769417 0.057377 0.0631068 
0 0.581967 0.771845 0.057377 0.0679612 
0 0.762295 0.252427 0.057377 0.0679612 
0 0.42418 0.25 0.0614754 0.0728155 
0 0.55123 0.177184 0.0942623 0.0339806 
0 0.42418 0.771845 0.0614754 0.0679612 
0 0.165984 0.774272 0.0614754 0.0728155 
0 0.577869 0.245146 0.057377 0.0631068 
0 0.502049 0.771845 0.0614754 0.0679612 
0 0.241803 0.774272 0.057377 0.0631068 
0 0.915984 0.252427 0.0614754 0.0679612 
0 0.786885 0.177184 0.0901639 0.0339806 
0 0.0881148 0.769417 0.0614754 0.0631068 
0 0.264344 0.565534 0.0860656 0.0339806 
0 0.932377 0.563107 0.0860656 0.038835 
0 0.836066 0.769417 0.0655738 0.0728155 
0 0.262295 0.0436893 0.0819672 0.038835 
0 0.454918 0.699029 0.0901639 0.038835 
0 0.165984 0.699029 0.135246 0.038835 
0 0.934426 0.0412621 0.0819672 0.0339806 
0 0.598361 0.565534 0.0819672 0.0339806 
0 0.165984 0.174757 0.159836 0.038835 
0 0.55123 0.699029 0.0942623 0.0291262 
0 0.885246 0.177184 0.0983607 0.0339806 
0 0.836066 0.699029 0.163934 0.038835 
